1110101101000011
0010101100011010
1110000001000011
0010011000010001
1011001010101110
1000001010001101
1011100110101110
1000101110000111
1100101000111110
0011111100010001
1100000100111110
0011110100010011
0010101100010111
0010010011110110
0010000000010111
0010101111110011
0100000101101100
0011000000100011
0100101001101100
0011011100100010
0110100110000010
0011011111111101
0110001010000010
0011100011110111
1010000001000100
1110100111100010
1010101101000100
1110110111101011
1011000100100011
0100100110100000
1011101000100011
0100011110101110
0101011101001011
0011101101010111
0101110001001011
0011001001011101
1010011010001011
0010101010001010
1010110110001011
0010101010001001
0110101010100000
1110010111110101
0110000110100000
1110101011111001
1001011111000010
0011100110110010
1001110011000010
0011011010110101
1111001001010011
1111000100011100
1111100101010011
1111011100011101
0010101000111110
0110010011010011
0010000100111110
0110111111010010
1100010100001011
0000111001101110
1100111000001011
0000011101101000
0110010100000001
0010001010011101
0110111000000001
0010001010011100
0101110001001011
0011001001011101
0101011101001011
0011101101010111
1100101011100001
1111000111010011
1100000111100001
1111001111011100
0100000101010011
1111011100010010
0100101001010011
1111000100011111
1111101111001110
1111011000101110
1111000011001110
1111111000101001
1111001000101000
0110001111000000
1111100100101000
0110100011000101
0001111000001000
1101101001111110
0001010100001000
1101011101111000
1000000011110111
0100000000101110
1000101111110111
0100001100100000
1110000001001111
0010101100000001
1110101101001111
0010011000001010
1111101111011001
0100011001110111
1111000011011001
0100010101111011
0001010111101011
1010011110010100
0001111011101011
1010011110011001
0100100101110100
0011111010010100
0100001001110100
0011001110010110
0010101011110011
0100111111000000
0010000111110011
0100101011001110
0101000001000110
1111001101011000
0101101101000110
1111000001010101
1111110001101100
0000010101010110
1111011101101100
0000001001011101
1101110010010111
0010011101011100
1101011110010111
0010100101011111
1001000000100100
1000111101011100
1001101100100100
1000011001010011
1100101011100111
1000000101111111
1100000111100111
1000110001111100
1111011100110010
0011010010100111
1111110000110010
0011111110101111
0110011101001111
0100011101011001
0110110001001111
0100100101011010
0011001000111000
0100100001010011
0011100100111000
0100110101010110
0100110011100110
0101011010000101
0100011111100110
0101101110000000
0011001010000000
1000100010111000
0011100110000000
1000011110111010
1001110000010100
0011101010001110
1001011100010100
0011100010001100
0101011111011110
0011100110110001
0101110011011110
0011011010110011
1100111011000000
0000110110010000
1100010111000000
0000110110011010
0011100101110111
0010011111100001
0011001001110111
0010100111100100
1010001010000111
0100100101011111
1010100110000111
0100011101011100
0001001000110000
0000100110111101
0001100100110000
0000001110110110
1101000101111111
0101001101011000
1101101001111111
0101100001011110
1011101001011101
1111010011110000
1011000101011101
1111111011110100
0000010110111011
0000011010101100
0000111010111011
0000000010101111
0101101101001001
1111110110000101
0101000001001001
1111100010001000
0101011110010100
0011100010000001
0101110010010100
0011101010000011
0100011101101001
1000110010111110
0100110001101001
1000000110110000
1000001001011100
1111101100100000
1000100101011100
1111110000101111
1111101001010011
0110111110001110
1111000101010011
0110001010001000
0110000011000110
1111111000011001
0110101111000110
1111001000011010
1011110011101011
0011110110100111
1011011111101011
0011100110101101
0100101010111001
1111010100100101
0100000110111001
1111010000100000
0100100101011011
0011000000011001
0100001001011011
0011001000011011
0101000001100111
0100101100001110
0101101101100111
0100010000000000
1001101010100110
1000010100111101
1001000110100110
1000011000110010
1000010110110110
0010101100001111
1000111010110110
0010101100001100
0101110000110101
1111100110000000
0101011100110101
1111011110001110
0000101011110000
0110001010111010
0000000111110000
0110010110110000
0111001011010011
0010000110100010
0111100111010011
0010110010101101
1011001010101011
0011100100111101
1011100110101011
0011110100110111
1001111011000110
0001100000111111
1001010111000110
0001110100111100
1001110000000111
1000010111110010
1001011100000111
1000011011111101
0011101101001101
0011010000000101
0011000001001101
0011111000001001
1101110010100100
1111000011111000
1101011110100100
1111001011111101
1000100100011101
0110001000111011
1000001000011101
0110010100111100
0100101110110111
0010010011101101
0100000010110111
0010010111101100
0100001000101000
0101101011100101
0100100100101000
0101111011100000
0000011100010011
0010001000111010
0000110000010011
0010111000111001
0111101101101101
0011101100011110
0111000001101101
0011110000011100
0110000011001001
0010100110000011
0110101111001001
0010011110000110
0000110010010110
1000010000011010
0000011110010110
1000101100011001
1011010101101011
0101011100000000
1011111001101011
0101011100001110
1001101101001011
1000110111100010
1001000001001011
1000100111101011
0000000101001000
0010001101011000
0000101001001000
0010100001011110
0100100100011011
0011001111000110
0100001000011011
0011100111001101
1101110000000101
1111100110100001
1101011100000101
1111011110100100
0000000110101100
0011001111100111
0000101010101100
0011111011101010
1101110000010100
0011000101001111
1101011100010100
0011110101000111
0001101111110101
1000001010110110
0001000011110101
1000111010110011
1010101010100100
1111110010001001
1010000110100100
1111000010000101
0110011100000101
0100101010111001
0110110000000101
0100111110111010
0010110001001001
1111111110001000
0010011101001001
1111001010001110
0100100101011011
0011000000011001
0100001001011011
0011001000011011
1100000110100100
1111101100110100
1100101010100100
1111001000110000
0100001001100100
0110010101101001
0100100101100100
0110001001101110
1110101010010000
0110000001100011
1110000110010000
0110011101100010
1010001010010011
0010001000101001
1010100110010011
0010111000101010
0111101100101001
1111110110000111
0111000000101001
1111100010001011
1011011111101100
0011001100011101
1011110011101100
0011000100010111
1101000010011001
1111011010001000
1101101110011001
1111010110000101
1001101010001111
0010001010110110
1001000110001111
0010111010110011
0101110010000110
1000011110101110
0101011110000110
1000100110100000
1001000000000111
0100001110000110
1001101100000111
0100000010000011
0101100111010001
0011000110101001
0101001011010001
0011010010101011
0101011110010101
0100101001000010
0101110010010101
0100111101001101
0011101110111000
0100110101000011
0011000010111000
0100100001000110
0000010010101011
0110110100111011
0000111110101011
0110111100111010
0101101111000010
1111000000000011
0101000011000010
1111001000000001
1101110000100101
1111011100001110
1101011100100101
1111000100001000
0000100100010101
1000100010000000
0000001000010101
1000110110001110
1011000101111110
1111101100111011
1011101001111110
1111001000110010
0100000000011011
0110100100101101
0100101100011011
0110001100100110
0110010110111101
0010011101100110
0110111010111101
0010101101101101
0001011110011101
0000011011000110
0001110010011101
0000111011001101
0001101100100100
1111000011010111
0001000000100100
1111001011011010
0111110010110010
1000110010001110
0111011110110010
1000000010000001
0011100111101111
1111001001110101
0011001011101111
1111111001111000
1111101001101111
1111000110110010
1111000101101111
1111110010111101
1111000000111110
0000110100011000
1111101100111110
0000000100010100
0001101100011101
0000010101111110
0001000000011101
0000001001111001
1011101000101100
1000110101110111
1011000100101100
1000100101111101
1110111010110110
0010011100001110
1110010110110110
0010011100000000
0010100110000101
0101010011011010
0010001010000101
0101010111010001
0110101110100111
0010110010011011
0110000010100111
0010000110010111
1100101011110111
0010101111010011
1100000111110111
0010010011010110
1001111011000110
0001100000111111
1001010111000110
0001110100111100
1000001011010100
0011100011011100
1000100111010100
0011110011011011
0001110001110011
0010000111001010
0001011101110011
0010011111000001
0100001011101111
0010110101100010
0100100111101111
0010000001101111
1001110011110010
1111000110000110
1001011111110010
1111010010000100
0110001001111001
1111010100111001
0110100101111001
1111011000111010
1001000000000111
0100001110000110
1001101100000111
0100000010000011
1000001000000110
0010100010011100
1000100100000110
0010110110011111
1000010110110110
0010101100001111
1000111010110110
0010101100001100
1111101101100110
1000000001101000
1111000001100110
1000001101100101
0100001011100011
0010000111000010
0100100111100011
0010011111001111
0001000010010100
0011010000010110
0001101110010100
0011111100011101
0010011101001001
1111001010001110
0010110001001001
1111111110001000
1100000001010110
1111000001100111
1100101101010110
1111001101101011
0110111000001011
1010101001110010
0110010100001011
1010011101111111
0111000010001100
1110100111100001
0111101110001100
1110110111101110
0001110011100111
0101100110101101
0001011111100111
0101110010101100
1001000010100111
0100001100100110
1001101110100111
0100000000100011
0000110011101011
1111010110010110
0000011111101011
1111011110010100
0000001010011011
0110000001101001
0000100110011011
0110011101101110
0000011100000100
0000010101111000
0000110000000100
0000001001110100
1100000011010110
0010111011000010
1100101111010110
0010001011001101
0001110011001100
0000000000000110
0001011111001100
0000011100001101
1100101100111001
0100011101001010
1100000000111001
0100100101001001
0100011101011000
0110011110001011
0100110001011000
0110000110000110
1110000111001100
0000011100000010
1110101011001100
0000000000000011
1001011110110110
1000111001001010
1001110010110110
1000001001001001
1111011111101100
0011100000110010
1111110011101100
0011101000110101
1101100101110001
1111011000010011
1101001001110001
1111100100010001
1011000110001010
1111001101100110
1011101010001010
1111000001100011
0000011110000111
0010001010111001
0000110010000111
0010111110110100
1110101111000010
1111100100001101
1110000011000010
1111001100000110
1000101000010011
1000001100010000
1000000100010011
1000000000011110
0101011101001111
0010111010111110
0101110001001111
0010001010110000
1011110000100010
1000110000110011
1011011100100010
1000000000111100
1001000100011001
1000011000101000
1001101000011001
1000010100100101
1100010100001011
0000111001101110
1100111000001011
0000011101101000
0000010101101000
0101101110011101
0000111001101000
0101101110010010
1001110000101101
1000010000100011
1001011100101101
1000111000101100
1011011100100110
1000010001101101
1011110000100110
1000101101100010
0101000110111101
1000111000101111
0101101010111101
1000010000100110
0011100100111101
0011111111111111
0011001000111101
0011110111110000
0011001010001010
1000001001000100
0011100110001010
1000111001000001
1101001001110001
1111100100010001
1101100101110001
1111011000010011
0011101010101100
1110010100101011
0011000110101100
1110101000100010
1111011110101000
0101011110000011
1111110010101000
0101000110000111
1100000010101010
0010010000100110
1100101110101010
0010101100100011
1011010110111011
0000100011110100
1011111010111011
0000101111110001
1010101000101100
1000001010000001
1010000100101100
1000101110001110
1111111000000001
1011011110010011
1111010100000001
1011011110010111
0101001011010010
0011111100011011
0101100111010010
0011110100011001
0000101111000000
0011101111111110
0000000011000000
0011101011111001
1011011100001011
1111101010011111
1011110000001011
1111100010010000
1100000110001110
0011010111010000
1100101010001110
0011101011010100
0110101110001011
1000110011001101
0110000010001011
1000000011000111
1011101001110000
0011110011100100
1011000101110000
0011000011100000
0101101111101001
0100011010110101
0101000011101001
0100010110111000
0111010011011000
1110000100110100
0111111111011000
1110110000110100
1100001011111000
1111010010111010
1100100111111000
1111101110111001
1011000111111000
0010011001010110
1011101011111000
0010010101010011
0011101001011011
1000001100101011
0011000101011011
1000000100100010
1110101110001100
1111101001111001
1110000010001100
1111100001111011
1111101000011111
1111110100110010
1111000100011111
1111100000111101
1010101000100111
1000010100111011
1010000100100111
1000011000110111
0000000101110000
0011001110001110
0000101001110000
0011111010001100
1011000001011001
1000110100000111
1011101101011001
1000100000001011
0101000101010000
1110011100101001
0101101001010000
1110100000100101
0011001011010101
1111101000001110
0011100111010101
1111111100000000
1100111011011011
0101011110011001
1100010111011011
0101011110010100
0111011110100100
0011111001000100
0111110010100100
0011010001000000
0111110010101101
0011111110000000
0111011110101101
0011011010000100
1001000110100001
1000101110000100
1001101010100001
1000001010000000
0110001001111011
1110000100000011
0110100101111011
1110001100001100
1001011110010000
1111111101001001
1001110010010000
1111110101001011
1000101000011011
1111110111100010
1000000100011011
1111000111100011
0110101101110111
1000001010011100
0110000001110111
1000111010011111
1101110011101010
1111000100011110
1101011111101010
1111011100011000
1010100101110000
1000010101101010
1010001001110000
1000101001101000
0000111011000110
0001101111001111
0000010111000110
0001110111001100
0100000011000111
0010000000100011
0100101111000111
0010001100100110
0010010111000110
0001011011001110
0010111011000110
0001000011000000
1011000101110000
0011000011100000
1011101001110000
0011110011100100
1111100101101011
0000000111010001
1111001001101011
0000110111010101
1011011100110111
0010011110111100
1011110000110111
0010100110111111
1010011101010110
1111100111000000
1010110001010110
1111011111001110
0110101001010001
1000000100001001
0110000101010001
1000001100000101
0011001011100011
1111111111111000
0011100111100011
1111101011110101
1100000001111101
1110000100001001
1100101101111101
1110001100000101
1100000100000001
0011110111010100
1100101000000001
0011111111010110
0100101110101000
1111110101110000
0100000010101000
1111000001110101
1111101111111110
1111111001011110
1111000011111110
1111011001011001
0110110000110110
0010001100110100
0110011100110110
0010000000110001
0100101011110001
0110111001111101
0100000111110001
0110011001110110
0010110011110000
0000001101011100
0010011111110000
0000100101011011
0000010101011011
0101101000000110
0000111001011011
0101101000000011
1001101111100010
1000000010001110
1001000011100010
1000110010000001
1111100110111000
0101100010000011
1111001010111000
0101001110000111
0111110000011101
1111101011100111
0111011100011101
1111100011101010
0100011111000001
0000000111010011
0100110011000001
0000110111010010
0110101001111101
1000101001101001
0110000101111101
1000010101100101
0010101101110000
1111010111101011
0010000001110000
1111011111101001
0101100101111100
1110001101101010
0101001001111100
1110000101101000
0000011110011100
0011000111101011
0000110010011100
0011110111101100
0000010010101011
0110110100111011
0000111110101011
0110111100111010
0000000110111010
0110011011111000
0000101010111010
0110101111111110
1101001010110110
0101000110111010
1101100110110110
0101011110110001
1001110011100101
1111110111011111
1001011111100101
1111100011011100
1110101100111011
1111101010000110
1110000000111011
1111101110001101
0110000001000110
0010000010101111
0110101101000110
0010001110101100
1101101000101010
0101101101011110
1101000100101010
0101011001011000
1101100111010110
1111000000011000
1101001011010110
1111001100010101
0100101010010000
0011000001010011
0100000110010000
0011011101010010
1110101100101000
0101001011001101
1110000000101000
0101111111001100
1110000000001001
0010110101000101
1110101100001001
0010100001001000
0011001010100110
1000000000011001
0011100110100110
1000001100011010
1001101000111111
0010010010000101
1001000100111111
0010101110001000
0010100110110101
0110100010110011
0010001010110101
0110001110110111
1001011100000000
1111010101011001
1001110000000000
1111011101011011
0000001001100101
0100101100100010
0000100101100101
0100010000101101
1110101111101000
0101010011011101
1110000011101000
0101010111011100
0011000111110001
1111010010000001
0011101011110001
1111000110000011
0100100100111010
1000001101011111
0100001000111010
1000000001011100
1100100111110110
0010101000111110
1100001011110110
0010111100110000
0001101111000101
0100010101000110
0001000011000101
0100011001000011
0010110000101010
1111010001001110
0010011100101010
1111010101001000
1001011110100100
0011011011100010
1001110010100100
0011111111101011
1111000000010110
0100010011001100
1111101100010110
0100101111001111
0111010010111000
1110000000110100
0111111110111000
1110001100110100
0100110001100101
1000110110001111
0100011101100101
1000100010001100
1100101011000111
1111010010111001
1100000111000111
1111101110111010
0001100110100110
0110101110111001
0001001010100110
0110011010110100
0111101110001100
1110110111101110
0111000010001100
1110100111100001
1100000111101011
1000100000011101
1100101011101011
1000011100010111
1001000010100111
0100001100100110
1001101110100111
0100000000100011
1100101000010011
1111100000100101
1100000100010011
1111110100101000
0000001000101111
0010111110111010
0000100100101111
0010001010110001
1010011110101110
1110011100101111
1010110010101110
1110100000100110
0011101001010100
1110101011010100
0011000101010100
1110010111010000
0100100110011111
1111111010010111
0100001010011111
1111001010011011
0110001001111001
1111010100111001
0110100101111001
1111011000111010
1101000111011110
0000001001010001
1101101011011110
0000010101010101
0000110000110010
0011010011011001
0000011100110010
0011111111011110
0000010111000110
0001110111001100
0000111011000110
0001101111001111
1111000110101001
0101110111100110
1111101010101001
0101000011101011
1110011110111000
0010110000110101
1110110010111000
0010100100110000
1111101001010100
1111110110110011
1111000101010100
1111111110110001
0011001000100110
1000001111101000
0011100100100110
1000000011100101
0000000001101100
0110011000001000
0000101101101100
0110111000000100
0010110011110110
1000001100011101
0010011111110110
1000000000010010
1111010110110011
0001111111100111
1111111010110011
0001010011101111
1100100101000110
0010011001000100
1100001001000110
0010010101000001
1001110001000010
1111110010000011
1001011101000010
1111000010001100
0011001000011001
1000111100110111
0011100100011001
1000101000111011
0101000001110111
1000001001001111
0101101101110111
1000111001001100
1001101001111111
0010110000111010
1001000101111111
0010000100111001
1010001010000000
1000111101011000
1010100110000000
1000011001011010
0011000110110110
1000111001001001
0011101010110110
1000001001001010
0000000101011100
0011101101100111
0000101001011100
0011110001101010
0000101101010111
0110000101011010
0000000001010111
0110011101010001
0100001011011010
1000001101101100
0100100111011010
1000000001101111
1110000010110011
0101101101010010
1110101110110011
0101011001011111
0000001001011111
0101101011100011
0000100101011111
0101111011100111
1111101010101101
1111101100100011
1111000110101101
1111110000100001
1111000100001000
1000101100010100
1111101000001000
1000010000010001
1000000100000111
1111100000110101
1000101000000111
1111110100111000
0100101111100011
1111011100011010
0100000011100011
1111000100010001
0000101101110110
0010010011100100
0000000001110110
0010010111101001
1011101111011001
0100101100111010
1011000011011001
0100010000111001
0110101001110011
1111000001101110
0110000101110011
1111001101100000
1001011110110110
1000111001001010
1001110010110110
1000001001001001
1010000110101111
1111110110000000
1010101010101111
1111100010001110
1001110000011000
0100000111001111
1001011100011000
0100110011001100
0010001011011111
1000110010010101
0010100111011111
1000000110011000
1011110000100010
1000110000110011
1011011100100010
1000000000111100
0110000101010001
1000001100000101
0110101001010001
1000000100001001
0010000010000101
1111111110000001
0010101110000101
1111001010001010
0101101111000110
0010101000110110
0101000011000110
0010111100110011
1010100110100001
1110001001111101
1010001010100001
1110101101110111
1001000011100111
0100110010110101
1001101111100111
0100000110111000
1110100111110001
0000100101100100
1110001011110001
0000001101101000
0101101110110110
0010011001001100
0101000010110110
0010010101001111
1111000001100110
1000001101100101
1111101101100110
1000000001101000
0000110101100011
0110001111100100
0000011001100011
0110011011101000
0010001011111110
1111101110001001
0010100111111110
1111101010001110
1101111100001001
0111000100100000
1101010000001001
0111010100101101
1110101000000000
0011100011011000
1110000100000000
0011110011010100
0001000110011110
0000101011010100
0001101010011110
0000101111011000
1101101101001111
0110001000010001
1101000001001111
0110111100011010
0100100110000100
0011101101100100
0100001010000100
0011110001100110
1010110100111000
1111101110110010
1010011000111000
1111101110111101
0000000100000001
0011000000100101
0000101000000001
0011011100100001
1101110010010101
1111100000000001
1101011110010101
1111110100000100
0000101101101001
1000110111011000
0000000001101001
1000100011010101
0000101000100001
0011111011100000
0000000100100001
0011001111101111
0011000111100000
0011000011101110
0011101011100000
0011110011100001
0110111001101010
1000110110101011
0110010101101010
1000110110101100
0000010111001011
1100101000001010
0000111011001011
1100101000001001
1110100110001001
1111001010000011
1110001010001001
1111111110000111
1111101111111110
1111111001011110
1111000011111110
1111011001011001
0000000101011100
0011101101100111
0000101001011100
0011110001101010
1011000101001000
0010101011110101
1011101001001000
0010111111111000
1101000010000000
1111101001011001
1101101110000000
1111100001011011
1000001000111101
1111000111111100
1000100100111101
1111110111111011
0000101000110000
1111010101100101
0000000100110000
1111001001100001
1010000000100000
1000100111101010
1010101100100000
1000110111101000
0110101111000110
1111001000011010
0110000011000110
1111111000011001
0110001011010110
1111111000011000
0110100111010110
1111001000010101
0101000000000110
0100010101010010
0101101100000110
0100011001011101
1011000011011001
0100010000111001
1011101111011001
0100101100111010
0111001011110000
0011000110001110
0111100111110000
0011010010001100
0010101101101000
0010100001000110
0010000001101000
0010110101000011
0111100111010011
0010110010101101
0111001011010011
0010000110100010
0000101110101010
0101100010001111
0000000010101010
0101001110000010
0000110010011011
0011001100001100
0000011110011011
0011100100001011
0000011110011001
1000010100111001
0000110010011001
1000011000111010
1101100111011111
0100101111001000
1101001011011111
0100010011000101
0110000001111100
1000011001110111
0110101101111100
1000111101111101
1110001001010101
0110000000101001
1110100101010101
0110110100100100
1111000001011010
0101111110110010
1111101101011010
0101001010111111
0000000000101010
0101110100110000
0000101100101010
0101000000110101
1000011100101001
0101100000010000
1000110000101001
0101001100010101
1001011100011000
0100110011001100
1001110000011000
0100000111001111
0011001011010101
1111101000001110
0011100111010101
1111111100000000
0110001000110001
1111011010110000
0110100100110001
1111100110111111
1010001001111110
1000101111001000
1010100101111110
1000001011001010
0110000011001001
0010100110000011
0110101111001001
0010011110000110
0011100110000101
1111101011110001
0011001010000101
1111111111110100
0010000010001110
1111111010001001
0010101110001110
1111001110001011
0101101110001100
1111111101111010
0101000010001100
1111011001111000
1001011111100101
1111100011011100
1001110011100101
1111110111011111
0000110101011101
0110010111100010
0000011001011101
0110000011100011
1011010110110110
0001100011110100
1011111010110110
0001101111110001
1010110110001000
0010111010000100
1010011010001000
0010111010000001
0100000001101011
0110100010001101
0100101101101011
0110110010000110
1000100111011000
0100000111010100
1000001011011000
0100110011010001
0010011100110100
1111001101110111
0010110000110100
1111100101111111
1110000010001000
1111111110000011
1110101110001000
1111001010000111
0110111011011000
1000011100000011
0110010111011000
1000011100000111
1010100101111000
0010100111001011
1010001001111000
0010011111000111
1010101110111101
1110010011011011
1010000010111101
1110111011010010
0010110010010101
1111101000100001
0010011110010101
1111111100100100
0001101101111011
1111011000011001
0001000001111011
1111100100011011
0001101111000001
1111110000011101
0001000011000001
1111100000010110
0001100101111001
1111110000110011
0001001001111001
1111100100110111
1101000001110101
0110001001010010
1101101101110101
0110111101011111
0000011100001100
0011111100010000
0000110000001100
0011010000011010
0011001011011000
1000101110011001
0011100111011000
1000010010011010
1000101010011111
0100000101000011
1000000110011111
0100110001000110
1010001010011111
0010101010011001
1010100110011111
0010111110011010
0011100101110111
0010011111100001
0011001001110111
0010100111100100
0101000001110111
1000001001001111
0101101101110111
1000111001001100
1000000101000001
1111001110001100
1000101001000001
1111111010001110
1010001000000110
1000000101100010
1010100100000110
1000110001101101
0100000010101000
1111000001110101
0100101110101000
1111110101110000
0001000011110101
1000111010110011
0001101111110101
1000001010110110
0000101000100001
0011111011100000
0000000100100001
0011001111101111
0110101101000110
0010001110101100
0110000001000110
0010000010101111
1100000100010100
1111001100111100
1100101000010100
1111111000111110
1101000001101101
0011010011011011
1101101101101101
0011111111011100
1101000111100110
0010101100011011
1101101011100110
0010011000010110
1011111011000001
0001011100011000
1011010111000001
0001111000010101
1001110010011110
1111000000101011
1001011110011110
1111001000101001
0010001011111111
1000000101001000
0010100111111111
1000110001000101
0110000001101000
0010011001101110
0110101101101000
0010010101100000
0101101110010110
0100101001001101
0101000010010110
0100111101000010
1010100100011011
1111011101110100
1010001000011011
1111010101110110
0011001010000111
0010001010110111
0011100110000111
0010111010111011
1111011110011101
0000010100100110
1111110010011101
0000001000101101
1001011100101101
1000111000101100
1001110000101101
1000010000100011
0001111001110110
0011011101101000
0001010101110110
0011111001101110
0101011111110011
1000101101001111
0101110011110011
1000010001001100
1100000011111110
0011111001010111
1100101111111110
0011001101011010
1110000001000010
1111111010001100
1110101101000010
1111001110001110
0000000100011011
0011011101010001
0000101000011011
0011000001010101
1100101010100011
1111100100101010
1100000110100011
1111011100101001
1100011111010111
0010101001001100
1100110011010111
0010111101001111
1000101010101011
0011111011100111
1000000110101011
0011001111101010
0111101001010010
1000010000100000
0111000101010010
1000111000100100
1101000100101010
0101011001011000
1101101000101010
0101101101011110
0101011110001001
1111000101000000
0101110010001001
1111110001001110
1001100101110110
0100100010011100
1001001001110110
0100110110011111
1001000001001100
0011100011110101
1001101101001100
0011011111111001
0010011100001000
0010111000001111
0010110000001000
0010001000001100
1111001011100011
0101111110111111
1111100111100011
0101001010110010
0100100100000011
1111101011000111
0100001000000011
1111111111001011
0110101001001101
1000001111110110
0110000101001101
1000000111111111
0101000001111011
1111001100101000
0101101101111011
1111000100101010
1011101110100001
1000110111100110
1011000010100001
1000100111101111
1001110000001000
1000000001111001
1001011100001000
1000001101111010
0111011111100101
1111111110101100
0111110011100101
1111101010101111
1100110010011100
1111101111110000
1100011110011100
1111110011111111
1011001000011011
1111011101010100
1011100100011011
1111010101010110
1001010101101011
0101101100001111
1001111001101011
0101101100001100
1111101001011111
1111001110111011
1111000101011111
1111100010110110
0000101000001000
1000011100100001
0000000100001000
1000100100100100
1000100100000110
0010110110011111
1000001000000110
0010100010011100
0101000101010010
1110100011010101
0101101001010010
1110011111011001
0011000000001010
1111110001010001
0011101100001010
1111000101010100
0110000110101110
1000110111101001
0110101010101110
1000100111100101
1011000111011110
1111001100111000
1011101011011110
1111111000111101
1011011100001100
1111101111011111
1011110000001100
1111110011010000
0101101101111011
1111000100101010
0101000001111011
1111001100101000
0001000100000000
0110101000010010
0001101000000000
0110101100010011
0101101110011101
0011000001100011
0101000010011101
0011001001100001
0011100110100001
1111100001101100
0011001010100001
1111011101100011
0100000101110110
1111011100010001
0100101001110110
1111000100011010
0110100111010001
1111110100011111
0110001011010001
1111111100010000
1011000100101011
1000101110001101
1011101000101011
1000001010000111
0011001000110100
0011000010110000
0011100100110100
0011001010111111
0101011110000101
1111110110000100
0101110010000101
1111100010000001
0101011110111000
0010011001001111
0101110010111000
0010010101001100
0011000111110110
1111011110000111
0011101011110110
1111100110001011
1000100111011000
0100000111010100
1000001011011000
0100110011010001
1101011101101101
0000000111011011
1101110001101101
0000110111011100
0001111010110000
1010110101100001
0001010110110000
1010111001100101
0110000101001101
1000000111111111
0110101001001101
1000001111110110
0001011111010110
1000101010100011
0001110011010110
1000111110100110
1001011110111011
0011111011111100
1001110010111011
0011010011110011
1001011110011110
1111001000101001
1001110010011110
1111000000101011
1100110011101100
0011100101011110
1100011111101100
0011110101010001
1010001001100110
1000000101100111
1010100101100110
1000110001101011
1111010111001101
1010110110011100
1111111011001101
1010110110011011
0101110010000110
1000011110101110
0101011110000110
1000100110100000
0111011110010000
1111100011101001
0111110010010000
1111101011101011
1110000011011000
1111101000101100
1110101111011000
1111111100101111
0011101100101011
1110011010000111
0011000000101011
1110111110001101
1111000101110000
1111011000010111
1111101001110000
1111100100011010
1111010101110110
0100011101111111
1111111001110110
0100101001110010
0110100110000110
1111111010111010
0110001010000110
1111001010111001
0100001011011010
1000001101101100
0100100111011010
1000000001101111
1101001010000110
0010101011010011
1101100110000110
0010111011010111
1101000111011110
0000001001010001
1101101011011110
0000010101010101
0010011111110110
1000000000010010
0010110011110110
1000001100011101
0011100100000110
0100111111010110
0011001000000110
0100101011010011
1001101001011110
0011011100001111
1001000101011110
0011100000000110
1000000010101000
0110000110000011
1000101110101000
0110011110000111
0110110010101000
0010110000110001
0110011110101000
0010000100110100
0000110101100011
0110001111100100
0000011001100011
0110011011101000
1001101101101000
0100000010001111
1001000001101000
0100001110001100
0000101110100111
0110001000011010
0000000010100111
0110111100010001
1110001001010101
0110000000101001
1110100101010101
0110110100100100
1011111011000110
0001011100110000
1011010111000110
0001100100111110
0110100101000101
0100101111111001
0110001001000101
0100010011111010
0101000011011111
0010001100111000
0101101111011111
0010000000110101
1111010100001000
0000110101100010
1111111000001000
0000101101101111
0101000011111001
1111100110001001
0101101111111001
1111011110001010
0001000111111111
1000100010001010
0001101011111111
1000110110001001
1100110010010110
1111001101000111
1100011110010110
1111000001001011
0010011110010111
0100001010110111
0010110010010111
0100111010111011
1110011110000101
1111001010001011
1110110010000101
1111111110000110
1100101101001110
1111110101010010
1100000001001110
1111100101011011
1110000011101000
0101010111011100
1110101111101000
0101010011011101
0011001000000011
0010110011111001
0011100100000011
0010000111111010
0100101010100101
0101001100010110
0100000110100101
0101100000011011
0010011110100100
0011010110000001
0010110010100100
0011011110000011
0010001010011110
0011001001111001
0010100110011110
0011010101111110
1111000011011001
0100010101111011
1111101111011001
0100011001110111
1101011110010111
0010100101011111
1101110010010111
0010011101011100
0000000111001000
0010001000110100
0000101011001000
0010111000110001
1000100101011100
1111110000101111
1000001001011100
1111101100100000
1111001001001000
1111001110111101
1111100101001000
1111100010111100
0100101110011101
0110100100000100
0100000010011101
0110001100001000
0111011110110001
1111010100011100
0111110010110001
1111101000010011
0101001010001011
1110111011010011
0101100110001011
1110010011011100
0000000111011110
1111011100110001
0000101011011110
1111000000110101
1101110000000000
1111100000011010
1101011100000000
1111110000010000
1101110000011101
0011110110001111
1101011100011101
0011000110000111
1001011110111100
1110111010111101
1001110010111100
1110010010110111
0010110011000110
1000000110111101
0010011111000110
1000110010110010
1101111100111000
0111110100101101
1101010000111000
0111010000100001
0101101100111000
1111011110000000
0101000000111000
1111100110001110
0001101100010111
0100000110011000
0001000000010111
0100110010010101
1100010111001101
0001000111010000
1100111011001101
0001110111011010
1011000010100010
1000110000111111
1011101110100010
1000000000110110
1100000111100111
1000110001111100
1100101011100111
1000000101111111
1100000100100001
1000111101110001
1100101000100001
1000011001111110
1010100100101001
0100000000101100
1010001000101001
0100001100101111
1111101000000001
1111010011010001
1111000100000001
1111111111010101
1010001011100011
1111011111001000
1010100111100011
1111100111000101
0011001010001000
0100100111111000
0011100110001000
0100011111110101
0110010101011101
1111110110011100
0110111001011101
1111110110011011
0111110010111011
1110111011011110
0111011110111011
1110010011010001
0011000000010011
0100011000011000
0011101100010011
0100010100010101
0010111011000110
0001000011000000
0010010111000110
0001011011001110
0011000100001111
1000101101000100
0011101000001111
1000010001000001
1101100111110000
0011101011100111
1101001011110000
0011101111101111
0110111011011011
1000110011011011
0110010111011011
1000001011010110
0100001000001011
0110101100010111
0100100100001011
0110101000011111
1001001010001001
1111100010000111
1001100110001001
1111110110001011
0111101010100000
0011001001011111
0111000110100000
0011101101010110
0011001000111000
0100100001010011
0011100100111000
0100110101010110
0011011100010101
1111101000111110
0011110000010101
1111111100110000
1011110010101111
0100110001000000
1011011110101111
0100000101001110
1000101100100011
0010011100010110
1000000000100011
0010000100011011
1110000000110011
0010100110100000
1110101100110011
0010011110101110
1101000001100111
0100101100101110
1101101101100111
0100010000100000
0111110011001001
1000100100111000
0111011111001001
1000011100110101
1100101001001000
0010101001101111
1100000101001000
0010111101101100
1110101110110110
0010110000111000
1110000010110110
0010100100111110
1000001010000100
0011101110110110
1000100110000100
0011110010110100
0001101100100100
1111000011010111
0001000000100100
1111001011011010
0001101101111011
1111011000011001
0001000001111011
1111100100011011
1000100100011101
0110001000111011
1000001000011101
0110010100111100
1101000001011001
0101000011101001
1101101101011001
0101110111100100
0101111001010001
0011101110010010
0101010101010001
0011101110011101
1101001001001110
0011011001000011
1101100101001110
0011100101000001
0100110011000101
1111111001000111
0100011111000101
1111001001001011
1101001000110011
1000101011110101
1101100100110011
1000111111111000
0111001011000101
1111111100110110
0111100111000101
1111101000110011
0001101100010100
0110100100001110
0001000000010100
0110001100001001
1000110010101001
0010111110111111
1000011110101001
0010001010110010
0110011111100101
1000000110111000
0110110011100101
1000110010110101
0001001010000110
1111001110110111
0001100110000110
1111100010110011
1010100111011010
1111110001100000
1010001011011010
1111000101101110
0110010101110001
0011011100000111
0110111001110001
0011011100000011
1101011101010100
0011100000110001
1101110001010100
0011101000110011
0000000101110101
1111110000111001
0000101001110101
1111100100110100
1100111001010000
0101100000110100
1100010101010000
0101001000111000
1001000111110011
0100100001100101
1001101011110011
0100110101101000
1011011100010011
1000000010111111
1011110000010011
1000001110111100
1001000011101001
1000100000110101
1001101111101001
1000110100111000
0110101110111001
0010110110111100
0110000010111001
0010100010111111
0000101010110111
0010101100001110
0000000110110111
0010011000001000
0111110011101101
1000000100000011
0111011111101101
1000001100001100
0000000001011000
0101100101101011
0000101101011000
0101110001100110
1100000011001110
0011011000100111
1100101111001110
0011100100101010
0001111000001000
1101101001111110
0001010100001000
1101011101111000
0101011111111011
0011001100110101
0101110011111011
0011111000110010
0101110000110110
0100111010100100
0101011100110110
0100001010100001
1111000101101101
0110101000010000
1111101001101101
0110101100011010
0001010111101000
1010011100101010
0001111011101000
1010101000100001
0110110001111110
1000110010001011
0110011101111110
1000000010000010
0100101010100100
1111111010001101
0100000110100100
1111001110001000
1110100110100101
0101101110000111
1110001010100101
0101011010000011
0000000010001001
0010000011011001
0000101110001001
0010110111010100
1001100110001001
1111110110001011
1001001010001001
1111100010000111
1011100101000001
1110101111101000
1011001001000001
1110001011101010
1000000000101111
0110000110000010
1000101100101111
0110011110001111
0110111000001000
1010011111111100
0110010100001000
1010011111111101
0110101001010001
1000000100001001
0110000101010001
1000001100000101
0101011100000100
1111001000101101
0101110000000100
1111000000101000
0000101011100001
0011101110110000
0000000111100001
0011110010111111
0110000010101000
0100011101100100
0110101110101000
0100100101100001
0100100100101111
0010000110011111
0100001000101111
0010011110010010
1011000100111010
1111110001101100
1011101000111010
1111000101101111
1100000100111110
0011110100010011
1100101000111110
0011111100010001
1001101000011001
1000010100100101
1001000100011001
1000011000101000
1010100101011011
0011001111011100
1010001001011011
0011000111010011
1000100110011001
1000100010000111
1000001010011001
1000110110001011
1101101110010010
1111101010001001
1101000010010010
1111101110001110
1111110000101100
1111000011110110
1111011100101100
1111001011110100
1111101011000111
0010000110000001
1111000111000111
0010110010000100
1010001010001010
1111001101010100
1010100110001010
1111000001010001
1001001000110010
1111000110001100
1001100100110010
1111010010001110
1000100110010110
1111010001011000
1000001010010110
1111101101010101
1110010110110110
0010011100000000
1110111010110110
0010011100001110
0111001000111001
0100001001010011
0111100100111001
0100111001010110
0110111001101010
1000110110101011
0110010101101010
1000110110101100
1110101100111000
1111010110001111
1110000000111000
1111011010001100
0111011100101110
1111010000001101
0111110000101110
1111111000000111
0000001010011111
1111000110111000
0000100110011111
1111110010110101
1000101010101011
0011111011100111
1000000110101011
0011001111101010
0000011100110001
0000111000001110
0000110000110001
0000011000001001
0110010101010000
1000000011001101
0110111001010000
1000101111000110
1100101001101011
0011111111011101
1100000101101011
0011110111011000
0000000010101010
0101001110000010
0000101110101010
0101100010001111
0110011101001111
0100011101011001
0110110001001111
0100100101011010
1111111000001000
0000101101101111
1111010100001000
0000110101100010
0000000111001000
0010001000110100
0000101011001000
0010111000110001
1000001010011111
0010000000101011
1000100110011111
0010001100100111
0101000010000011
0010101010100011
0101101110000011
0010111110100110
0010011110000011
0110010110100110
0010110010000011
0110010010101011
1111000110101101
1111110000100001
1111101010101101
1111101100100011
0011001011100011
1111111111111000
0011100111100011
1111101011110101
1001100110000001
1000011011100000
1001001010000001
1000111111100100
1100000001010101
0010100010110110
1100101101010101
0010110110110011
0101000011111001
1111100110001001
0101101111111001
1111011110001010
0111110010110001
1111101000010011
0111011110110001
1111010100011100
0000101100011100
1111110000010100
0000000000011100
1111100000011000
0010010111001011
1011101001111111
0010111011001011
1011101001111100
0001011101110011
0010011111000001
0001110001110011
0010000111001010
0010101000011010
1111010001100110
0010000100011010
1111101101100011
1001000110001111
0010111010110011
1001101010001111
0010001010110110
0000001000011011
0011011000111000
0000100100011011
0011111000110100
1111101001001000
1111110110100010
1111000101001000
1111000010101111
1011110001111101
0011100100110110
1011011101111101
0011110100111111
0001100101110110
1111011100010011
0001001001110110
1111000100010111
1011100111100000
0011101101011111
1011001011100000
0011001001010110
0000110010011001
1000011000111010
0000011110011001
1000010100111001
1001001010000110
1000010001011000
1001100110000110
1000101101010101
1011101100110110
0010011110111101
1011000000110110
0010100110110010
1001110000001110
1111110011011011
1001011100001110
1111101111011001
1100111011101011
0000011101010101
1100010111101011
0000011101010000
1111101011001000
0010111111001011
1111000111001000
0010101011000111
1000000000000101
0100110110111001
1000101100000101
0100100010111010
0111011100000111
1000010111001010
0111110000000111
1000011011001001
1000011100101001
0101100000010000
1000110000101001
0101001100010101
0111001011010011
0010000110100010
0111100111010011
0010110010101101
1001111001101011
0101101100001100
1001010101101011
0101101100001111
0111110011100000
1111101000010111
0111011111100000
1111010100011101
0010011101010101
0010101100011100
0010110001010101
0010011000011101
1111000001011000
0110000110000001
1111101101011000
0110011110001010
0111011110010111
1000011000101010
0111110010010111
1000010100101001
1100110011100010
1000001010000011
1100011111100010
1000101110001100
1100010111010110
0100011110010100
1100111011010110
0100011110011001
0010100110001010
0101010101101010
0010001010001010
0101010001100001
1110001010000001
1111111101100110
1110100110000001
1111110101100100
1111110011100011
1111000100010110
1111011111100011
1111011100011011
1101000011010000
0110101100010110
1101101111010000
0110101000011101
0011000100001111
1000101101000100
0011101000001111
1000010001000001
1110101100101101
0011101101101110
1110000000101101
0011110001101100
0110000010011001
0100111110111001
0110101110011001
0100101010111010
1100011100100001
1000101001001100
1100110000100001
1000010101000011
0010110010001111
0110010101111011
0010011110001111
0110010001110110
0111011100000101
1111010110100110
0111110000000101
1111011010100011
1000000000001101
0110010011011000
1000101100001101
0110111111010100
0000101000011100
1111110111100101
0000000100011100
1111000111100001
0100001001101001
1111110100111010
0100100101101001
1111100000111001
0001000001101101
0110010011101100
0001101101101101
0110111111101011
1011000100000001
0011001010110100
1011101000000001
0011000010110110
1010100100110101
1000100100000000
1010001000110101
1000011100001110
0000101010101011
0011101000111010
0000000110101011
0011100000110111
1000100101100110
1111001001001001
1000001001100110
1111111001001010
0111011110100100
0011111001000100
0111110010100100
0011010001000000
1001000000110101
1111100110001100
1001101100110101
1111011110001111
1100110010001000
0010100010110011
1100011110001000
0010110110110110
1110101110001000
1111001010000111
1110000010001000
1111111110000011
1100101000101100
1111001000111000
1100000100101100
1111101100111010
1100100011100001
1110100011011010
1100001111100001
1110101011011110
1111000100000001
1111111111010101
1111101000000001
1111010011010001
0101101110001100
1111111101111010
0101000010001100
1111011001111000
1100010111100001
0001011100101010
1100111011100001
0001101000100001
0000000001100110
0100110110111100
0000101101100110
0100100010111111
1101110001010100
0011101000110011
1101011101010100
0011100000110001
0011000110101101
1000010100011011
0011101010101101
1000101000010010
0101100101001011
1110110110001000
0101001001001011
1110100110001010
0000101010101011
0011101000111010
0000000110101011
0011100000110111
0001011110110011
0101100010000111
0001110010110011
0101001110000011
0010100100111001
1111010110001000
0010001000111001
1111011010000101
0110001011010110
1111111000011000
0110100111010110
1111001000010101
0100011110111010
0101001010111001
0100110010111010
0101111110110100
1100111000000001
0001101011000100
1100010100000001
0001111011001001
0111100101000000
0011000011100100
0111001001000000
0011110011100000
1010100100101111
1111110010010101
1010001000101111
1111000110011000
0001010111011000
1000100011011010
0001111011011000
1000010111010001
1100011100000110
1111110001101011
1100110000000110
1111000101100111
0100001000111101
0011101111101100
0100100100111101
0011101011101011
1100101000010100
1111111000111110
1100000100010100
1111001100111100
0001101101000011
0101110111101111
0001000001000011
0101000011100010
1101011111100000
1111011000010010
1101110011100000
1111100100010101
1000001011010100
0011100011011100
1000100111010100
0011110011011011
1000101000001111
0100111010001001
1000000100001111
0100001010001010
1100000100101100
1111101100111010
1100101000101100
1111001000111000
1001011111101010
1111000001011100
1001110011101010
1111001101011111
1101111100001001
0111000100100000
1101010000001001
0111010100101101
1011011100111000
0010110010101100
1011110000111000
0010000110101111
1011000000010110
1000001001010010
1011101100010110
1000111001011101
0001110000101000
0101001100011101
0001011100101000
0101100000011100
1001011111000010
0011100110110010
1001110011000010
0011011010110101
1100000101000111
0010001001110101
1100101001000111
0010111001111000
1001110000100100
1110010111110011
1001011100100100
1110101011111100
1000101010011110
1111110111100011
1000000110011110
1111000111100010
0010110010110010
0011110110111011
0010011110110010
0011111110111001
0001000011001001
0010011010110001
0001101111001001
0010010110110100
1101000101111111
0101001101011000
1101101001111111
0101100001011110
1010100111100011
1111100111000101
1010001011100011
1111011111001000
1101101111110100
1111110000011001
1101000011110100
1111100000011110
0000101111110000
0110011001111011
0000000011110000
0110111001111100
1100100111111000
1111101110111001
1100001011111000
1111010010111010
1101011101101000
1000011111001110
1101110001101000
1000100111000000
0001010111011000
1000100011011010
0001111011011000
1000010111010001
1110000000000100
0011011001010101
1110101100000100
0011111001010001
1110000110010010
0110011001111000
1110101010010010
0110111001110100
0111111101001001
1110001011111111
0111010001001001
1110111011111000
1011011110010110
1000001001101011
1011110010010110
1000111001100111
1010001010000100
0011011100001110
1010100110000100
0011100000000001
1001000101111111
0010000100111001
1001101001111111
0010110000111010
1111011110011011
0011011000101011
1111110010011011
0011111000101100
1101001001111010
0101000110110001
1101100101111010
0101011110111010
1100011100100001
1000101001001100
1100110000100001
1000010101000011
0011001010000111
0010001010110111
0011100110000111
0010111010111011
1001011110011010
1111000001000110
1001110010011010
1111001101000011
0001011111101000
0101011110111100
0001110011101000
0101000110111101
1000111001011000
1000000001111011
1000010101011000
1000000001110111
0011100100111010
1000101101000000
0011001000111010
1000010001001110
1111000000111001
1000000110111011
1111101100111001
1000110010110111
0010111011000110
0001000011000000
0010010111000110
0001011011001110
0101110010010100
0011101010000011
0101011110010100
0011100010000001
1011011001011101
0110001111011000
1011110101011101
0110011011011101
1101001010111010
0110111110000111
1101100110111010
0110001010000011
0000110010011100
0011110111101100
0000011110011100
0011000111101011
0111111101001001
1110001011111111
0111010001001001
1110111011111000
0000000000111001
0010010101110101
0000101100111001
0010011001111000
0010100100110010
1111101010001010
0010001000110010
1111101110000000
1101011111110000
0000111100010111
1101110011110000
0000010000011111
1110000010010110
1000111010111011
1110101110010110
1000001010110111
1111000011011001
0100010101111011
1111101111011001
0100011001110111
0001101101111000
1111011100010111
0001000001111000
1111000100010011
1010110001110001
1111000111011001
1010011101110001
1111001111010101
1110010101011000
1000101101111010
1110111001011000
1000101101111001
0100001000110101
1000100011011100
0100100100110101
1000110111011111
1010100110001110
1000010011011010
1010001010001110
1000111011011000
0000100100010101
1000100010000000
0000001000010101
1000110110001110
1001111010111000
1011110000101001
1001010110111000
1011101000101010
0100000110010111
1000100010001011
0100101010010111
1000110110000111
0011000111111001
1000110111111000
0011101011111001
1000100011110101
0001000001000010
1111001011011100
0001101101000010
1111000011011110
1100101110100010
1000001100000110
1100000010100010
1000000100001111
1100101110100101
1111000101000011
1100000010100101
1111110001000110
1001000011100010
1000110010000001
1001101111100010
1000000010001110
1100011111100010
1000101110001100
1100110011100010
1000001010000011
1000001010000100
0011101110110110
1000100110000100
0011110010110100
1000000110101011
0011001111101010
1000101010101011
0011111011100111
1010101010101111
1111100010001110
1010000110101111
1111110110000000
1100001011110110
0010111100110000
1100100111110110
0010101000111110
1111001000000101
1111110100111111
1111100100000101
1111100000111100
0000101001110101
1111100100110100
0000000101110101
1111110000111001
0001110001101101
0110010011101011
0001011101101101
0110111111101100
0011011100011001
0010011110110001
0011110000011001
0010100110110100
0011111100111000
0001110101010110
0011010000111000
0001010001010101
0000001000100111
0110111100010000
0000100100100111
0110001000010101
0000110000111000
1111100110100000
0000011100111000
1111011110101110
0000101010101100
0011111011101010
0000000110101100
0011001111100111
0000101000010100
0110000110011010
0000000100010100
0110110110010000
0010000111110011
0100101011001110
0010101011110011
0100111111000000
0101101110101000
0100011111111011
0101000010101000
0100100111110111
1010101010110010
1111001100100110
1010000110110010
1111000100101111
0110111001110001
0011011100000011
0110010101110001
0011011100000111
0001100101110110
1111011100010011
0001001001110110
1111000100010111
0010101101101000
0010100001000110
0010000001101000
0010110101000011
1100011111101011
0011001111010001
1100110011101011
0011000111011110
1001011110011110
1111001000101001
1001110010011110
1111000000101011
0001111111111110
0100011011110010
0001010011111110
0100000111111111
1100001011111000
1111010010111010
1100100111111000
1111101110111001
0010011111111001
1111010110001001
0010110011111001
1111011010001010
0101101111011111
0010000000110101
0101000011011111
0010001100111000
0011100110010110
1000000111101010
0011001010010110
1000110011101001
0011101111100000
1000011001011000
0011000011100000
1000111101011010
1000101010011110
1111110111100011
1000000110011110
1111000111100010
1101110000110100
0110011000001111
1101011100110100
0110111000000111
0100001000010100
0000110010011111
0100100100010100
0000100010010111
1011100101010101
0100000011110010
1011001001010101
0100001111111101
1011000011011001
0100010000111001
1011101111011001
0100101100111010
0101110011001000
0010111100110110
0101011111001000
0010101000110011
1010001010011001
0100110011100011
1010100110011001
0100000111100110
1001011100000101
1111100111010110
1001110000000101
1111011111010011
0110010100000001
0010001010011101
0110111000000001
0010001010011100
0100001001111000
0010011000010011
0100100101111000
0010101100010111
0000011110011011
0011100100001011
0000110010011011
0011001100001100
0010010111000001
0001101110011000
0010111011000001
0001101110010101
1000100111100011
0010111111111111
1000001011100011
0010001011110010
0110101001001111
1000100000111101
0110000101001111
1000110100110010
0011101001011011
1000001100101011
0011000101011011
1000000100100010
0011101011111001
1000100011110101
0011000111111001
1000110111111000
0010101100010111
0010010011110110
0010000000010111
0010101111110011
1110001011010001
0011110010011010
1110100111010001
0011100010010000
1001110000001000
1000000001111001
1001011100001000
1000001101111010
1001011111100111
0100101001010001
1001110011100111
0100111101010100
1001000000110101
1111100110001100
1001101100110101
1111011110001111
1000000000001101
0110010011011000
1000101100001101
0110111111010100
1010001000000110
1000000101100010
1010100100000110
1000110001101101
0000110000001011
0011111110101010
0000011100001011
0011010010100000
0100100100101111
0010000110011111
0100001000101111
0010011110010010
0110010100001011
1010011101111111
0110111000001011
1010101001110010
0011001010101100
0011111111100011
0011100110101100
0011011011101100
0011000011100000
1000111101011010
0011101111100000
1000011001011000
0000101101011000
0101110001100110
0000000001011000
0101100101101011
1101110001011010
0010000111001101
1101011101011010
0010011111001100
0011100100111101
0011111111111111
0011001000111101
0011110111110000
1001110011100101
1111110111011111
1001011111100101
1111100011011100
1111000101000101
0110101000111000
1111101001000101
0110111000111110
1101001000110110
0010010101111100
1101100100110110
0010011001111111
1100000111011010
1111001000011100
1100101011011010
1111111000011111
1101011100101110
1111101100000010
1101110000101110
1111110000000101
1011000100101100
1000100101111101
1011101000101100
1000110101110111
1101101100111010
1111010001010000
1101000000111010
1111101101011110
1010101101000100
1110110111101011
1010000001000100
1110100111100010
1010101101100011
0100010101101011
1010000001100011
0100011001100111
0000000011111110
0000101010011100
0000101111111110
0000101110011011
1011110000110111
0010100110111111
1011011100110111
0010011110111100
1100101000100111
1000010110001111
1100000100100111
1000011010001100
0110000001110010
0011101110010011
0110101101110010
0011001010011100
0010101101110101
0010110000110110
0010000001110101
0010100100111011
1010000101101101
1111110100010111
1010101001101101
1111111100011010
1001001110110001
1110000001111011
1001100010110001
1110110001111101
0110101100011000
1000100010101101
0110000000011000
1000110110100010
0010100110001010
0101010101101010
0010001010001010
0101010001100001
0101001001001010
0100100001001010
0101100101001010
0100110101001001
1010011110110101
1111000101001000
1010110010110101
1111110001000101
0011101010011110
0011000111100100
0011000110011110
0011010011100110
0000000111001000
0010001000110100
0000101011001000
0010111000110001
0100000010011101
0110001100001000
0100101110011101
0110100100000100
0010101010000011
0110001110110010
0010000110000011
0110100010111111
0100101100101100
0011010110000101
0100000000101100
0011011110000010
0111001001110110
1111101100010111
0111100101110110
1111010000011011
1010001001111000
0010011111000111
1010100101111000
0010100111001011
1011011110011001
1111101000111011
1011110010011001
1111111100110111
0110000000001001
0100000011011001
0110101100001001
0100001111011010
0011001001111101
0011001001011110
0011100101111101
0011101101010001
0001001011010010
1111000000111100
0001100111010010
1111011100111011
0001010111101000
1010011100101010
0001111011101000
1010101000100001
0110000000010111
0010000000001110
0110101100010111
0010001100000000
0011010111001000
1010101101011010
0011111011001000
1010100001011001
0101101110110110
0010011001001100
0101000010110110
0010010101001111
1100000010101010
0010010000100110
1100101110101010
0010101100100011
0110101101111000
1111010000010001
0110000001111000
1111101100010100
1111000011111110
1111011001011001
1111101111111110
1111111001011110
0111010010011000
1000000001000010
0111111110011000
1000001101000010
0001110011111111
0100101011100010
0001011111111111
0100111111101101
1111001000101000
0110001111000000
1111100100101000
0110100011000101
1111111001010011
0100110100011100
1111010101010011
0100000100011011
1111000011010000
0000110111010011
1111101111010000
0000000111010010
1110011101101000
0100001010001100
1110110001101000
0100111010001111
1011000100101000
1000011000110001
1011101000101000
1000010100110100
0101011100100101
1000000101000111
0101110000100101
1000110001001011
1010001010000101
1000110100000100
1010100110000101
1000100000000001
0111000110101110
1000101110001011
0111101010101110
1000001010000010
0111001011010110
1111111000010010
0111100111010110
1111001000011101
1101001011010110
1111001100010101
1101100111010110
1111000000011000
0110101110100111
0010110010011011
0110000010100111
0010000110010111
0101001011010010
0011111100011011
0101100111010010
0011110100011001
0100000101010011
1111011100010010
0100101001010011
1111000100011111
0000000000011011
1111001100001000
0000101100011011
1111100100000100
1101001001110101
0101110100110001
1101100101110101
0101000000111010
0100100101101011
0011111111010101
0100001001101011
0011010011010001
1101100100110110
0010011001111111
1101001000110110
0010010101111100
1001110000010100
0011101010001110
1001011100010100
0011100010001100
0111101100100010
1111000010000011
0111000000100010
1111110010001100
1011101101110100
1110110111100101
1011000001110100
1110100111101001
0101011111101101
1110011010000100
0101110011101101
1110111110000000
0010100101001110
1111001110001101
0010001001001110
1111111010001000
0011001010010110
1000110011101001
0011100110010110
1000000111101010
0010011101110011
0110111100000110
0010110001110011
0110001000001011
0101010111000110
0010101000000110
0101111011000110
0010101000000011
0001000000011101
0000001001111001
0001101100011101
0000010101111110
1101000001111010
0110111110000010
1101101101111010
0110001010001111
1101101101011101
0011000000010011
1101000001011101
0011001000010001
1100000100010100
1111001100111100
1100101000010100
1111111000111110
0000011111101011
1111011110010100
0000110011101011
1111010110010110
0101000001000110
1111001101011000
0101101101000110
1111000001010101
1100011111011000
0010001011001100
1100110011011000
0010111011001111
0100001001111101
0011100111010110
0100100101111101
0011011011010100
1000101011111001
1000101000100010
1000000111111001
1000111100101101
1010110001100110
0010111011000100
1010011101100110
0010001011000001
0100000100011111
1111010110000011
0100101000011111
1111011010000110
0110001010000010
0011100011110111
0110100110000010
0011011111111101
0000000100100010
0011101011001111
0000101000100010
0011100011000000
0110001001110001
1111101000011110
0110100101110001
1111010100010001
0011100101010010
1110011100101101
0011001001010010
1110100000100111
1111110011010001
0000110111011001
1111011111010001
0000000111011110
1111101101001110
0011010001011101
1111000001001110
0011000101011000
0100000100100000
0011100000110000
0100101000100000
0011101000111111
1001101100011000
0100101001000100
1001000000011000
0100111101000001
0010110000000000
1111011001011010
0010011100000000
1111111001010000
1100011101110111
1111000101000110
1100110001110111
1111110001000011
1011000001111001
0100100001001000
1011101101111001
0100110101000101
1100000110101101
1111000100100100
1100101010101101
1111001100100000
0000011100001011
0011010010100000
0000110000001011
0011111110101010
1100000000010110
0100111001101110
1100101100010110
0100001001100000
1011110011101100
0011000100010111
1011011111101100
0011001100011101
0010100111010110
0100011001110100
0010001011010110
0100010101110001
0110000011110110
0010000101100011
0110101111110110
0010110001100110
1110101110110110
0010110000111000
1110000010110110
0010100100111110
1001101010100010
1111010011110110
1001000110100010
1111111011111111
1111101001001000
1111110110100010
1111000101001000
1111000010101111
1110101010010001
1111100000010100
1110000110010001
1111110000011000
1101101100010100
0011000111101100
1101000000010100
0011110111101011
1011000101100011
1111011011111000
1011101001100011
1111010111110101
1101000000100010
1111111010000100
1101101100100010
1111001110000110
1110101110111001
1111000100001111
1110000010111001
1111011100000010
1010101100100000
1000110111101000
1010000000100000
1000100111101010
0000101011110000
0110001010111010
0000000111110000
0110010110110000
0110010111010001
0011100101101011
0110111011010001
0011001001100110
0011011110101001
1111111010110000
0011110010101001
1111001010111110
1001110011101110
1111000111010111
1001011111101110
1111001111011101
0111011111101101
1000001100001100
0111110011101101
1000000100000011
1111011110101000
0101011110000011
1111110010101000
0101000110000111
0011111001101000
1000101110010101
0011010101101000
1000101110011000
1010000000101010
1000010001010000
1010101100101010
1000101101011110
0110000001110010
0011101110010011
0110101101110010
0011001010011100
1111100001101101
0110101110101010
1111001101101101
0110101010101010
0101101000110011
1000111001100100
0101000100110011
1000001001100001
0011100100111010
1000101101000000
0011001000111010
1000010001001110
1010101110110111
0010101100101110
1010000010110111
0010010000100000
0111000111000011
0010100000011011
0111101011000011
0010110100010111
1110101101001001
1111001010001111
1110000001001001
1111111110000010
0100000000001011
0000110111011011
0100101100001011
0000000111011100
1000000100000000
0011101011100010
1000101000000000
0011101111100011
1110011110010101
1000001010111011
1110110010010101
1000111010110111
0101101010100010
1000111101011001
0101000110100010
1000011001010101
0010110010010101
1111101000100001
0010011110010101
1111111100100100
1010001010011111
0010101010011001
1010100110011111
0010111110011010
0111011110011000
1000001110011101
0111110010011000
1000000010010010
0110101100000110
0100110010101101
0110000000000110
0100000110100010
1001101010101001
1000111100101010
1001000110101001
1000101000101001
1001011100001010
1111000101010110
1001110000001010
1111110001010011
0011101100000101
0100011100110111
0011000000000101
0100100100111011
0111000101011010
1000001101100000
0111101001011010
1000000001101110
0001111011000011
0101010001001011
0001010111000011
0101010001001100
0010000011010000
1111110111101000
0010101111010000
1111000111100100
0101001010001011
1110111011010011
0101100110001011
1110010011011100
0100001000001011
0110101100010111
0100100100001011
0110101000011111
0111011111001001
1000011100110101
0111110011001001
1000100100111000
1110100110100101
0101101110000111
1110001010100101
0101011010000011
0101000010010110
0100111101000010
0101101110010110
0100101001001101
0110000011001001
0010100110000011
0110101111001001
0010011110000110
0111001011111110
0011110101001110
0111100111111110
0011111101001100
1111100101101100
0000111001101101
1111001001101100
0000011001100110
0011001000001001
0100110001011110
0011100100001001
0100000101010000
1001010111001011
0000110110100011
1001111011001011
0000101110100110
0010110000010111
1000111010110000
0010011100010111
1000001010111110
0000010111000110
0001110111001100
0000111011000110
0001101111001111
0100100111011101
1111111111011011
0100001011011101
1111010011011100
1111100111111000
0010110010000001
1111001011111000
0010000110000100
1101101000010101
1000110110000000
1101000100010101
1000100010001110
1111110000001101
0110100010000001
1111011100001101
0110110010000101
1001110011101110
1111000111010111
1001011111101110
1111001111011101
0111010001001000
1110000111110100
0111111101001000
1110111111110010
1001101111010101
0010101000111000
1001000011010101
0010111100110101
1010001000000110
1000000101100010
1010100100000110
1000110001101101
0000000100011100
1111000111100001
0000101000011100
1111110111100101
0110101101110111
1000001010011100
0110000001110111
1000111010011111
0000101100110000
0000111000000010
0000000000110000
0000011000000011
1100000001010110
1111000001100111
1100101101010110
1111001101101011
0000110011101100
1111001011010110
0000011111101100
1111000011010100
1011011110000100
1110110111100010
1011110010000100
1110100111101011
1010101100100000
1000110111101000
1010000000100000
1000100111101010
0010001000000000
0011010100001001
0010100100000000
0011001000001110
1011000001011001
1000110100000111
1011101101011001
1000100000001011
1111000001110110
0010000111001001
1111101101110110
0010011111000100
0101101110110110
0010011001001100
0101000010110110
0010010101001111
1100101101100101
0010101110001111
1100000001100101
0010010010001100
1110011111001000
0010100001000001
1110110011001000
0010110101000100
0000010111001000
1100111001100001
0000111011001000
1100011101100100
0101011110000110
1000100110100000
0101110010000110
1000011110101110
0110101111000101
0010000000110100
0110000011000101
0010001100110001
1010011110100000
1110000001011111
1010110010100000
1110110001010110
1100000001101001
0010111100111110
1100101101101001
0010101000110000
0011110001000100
1110111101010101
0011011101000100
1110011001011001
0110000011000110
1111111000011001
0110101111000110
1111001000011010
1101110011110001
0011001001111101
1101011111110001
0011010101110110
1101101000110000
0000010100000011
1101000100110000
0000001000000010
1000011100101001
0101100000010000
1000110000101001
0101001100010101
0100011000111011
1111000010111010
0100110100111011
1111000010111001
0100100110010110
0100110101110100
0100001010010110
0100100001110001
0001100110101001
1111000010101100
0001001010101001
1111110110101101
0011100101111010
1000101101010001
0011001001111010
1000010001010100
1100101000101100
1111001000111000
1100000100101100
1111101100111010
1111110000000110
1000001101101010
1111011100000110
1000000001101001
1101000010010111
0100111010110111
1101101110010111
0100001010111011
1011000111110111
0010101110000110
1011101011110111
0010010010000011
1010110001011110
1000001010000101
1010011101011110
1000101110001001
0100100110011001
0010010011111111
0100001010011001
0010101111111100
0000101000100010
0011100011000000
0000000100100010
0011101011001111
1111101001100100
1111011110111111
1111000101100100
1111000010110111
1111110011101100
0011101000110101
1111011111101100
0011100000110010
1111100100010101
0010010011111010
1111001000010101
0010101111111001
1011110000100010
1000110000110011
1011011100100010
1000000000111100
0000000001110110
0010010111101001
0000101101110110
0010010011100100
1101000001100111
0100101100101110
1101101101100111
0100010000100000
1010000111000010
1111001000100001
1010101011000010
1111000000100011
1110011110111000
0010110000110101
1110110010111000
0010100100110000
1000011100010101
1000010100111100
1000110000010101
1000011000111111
0001111001110110
0011011101101000
0001010101110110
0011111001101110
1010001000001111
0010011001101001
1010100100001111
0010010101101010
1101000111110001
0000010100100101
1101101011110001
0000001000100001
0111001011010001
1111111100011100
0111100111010001
1111110100011110
0110000011101001
0100011001111000
0110101111101001
0100010101110101
1100101101010001
1000010101100110
1100000001010001
1000101001101111
0111001001111001
0100101110101111
0111100101111001
0100010010101100
1011000110010111
1000001110010000
1011101010010111
1000000010011110
0101100111010001
0011000110101001
0101001011010001
0011010010101011
1011110000101011
0011111000001110
1011011100101011
0011010000000001
1101101101001111
0110001000010001
1101000001001111
0110111100011010
0010011101111111
0110111011100110
0010110001111111
0110101011101011
0011101100001010
1111000101010100
0011000000001010
1111110001010001
1101100111111110
0011101111110111
1101001011111110
0011101011111111
1011000110111000
0010000100111100
1011101010111000
0010110000111111
1000001010010011
0010110101001011
1000100110010011
0010100001000111
1000001000011100
0011110111100001
1000100100011100
0011000111100101
1101100101110001
1111011000010011
1101001001110001
1111100100010001
0010101001100110
1111111001001001
0010000101100110
1111001001001010
1000010110111011
1010101100001111
1000111010111011
1010101100001100
1001011110010000
1111111101001001
1001110010010000
1111110101001011
0000110011101011
1111010110010110
0000011111101011
1111011110010100
1101001011110000
0011101111101111
1101100111110000
0011101011100111
1111010111100001
0001111010100010
1111111011100001
0001011110101111
1101000111000011
0010101011000011
1101101011000011
0010111111000110
0000011100101011
0011101101100010
0000110000101011
0011110001100101
0110101101110111
1000001010011100
0110000001110111
1000111010011111
1010110001100110
0010111011000100
1010011101100110
0010001011000001
0001100110000010
0011100101000010
0001001010000010
0011011001000101
0110101110001100
1000000010001101
0110000010001100
1000110010000111
1011101000100011
0100011110101110
1011000100100011
0100100110100000
1100101010101101
1111001100100000
1100000110101101
1111000100100100
0000001000100111
0110111100010000
0000100100100111
0110001000010101
1001000011101001
1000100000110101
1001101111101001
1000110100111000
0011001001111110
1000000100001000
0011100101111110
1000001100001010
0101010001011101
0000010111100001
0101111101011101
0000101011101001
1111101010110111
1111001110110010
1111000110110111
1111100010111111
0000000010100101
0101100001010010
0000101110100101
0101001101011111
1100101010101100
0011101011010010
1100000110101100
0011010111011011
1101000111101010
0010101100010110
1101101011101010
0010011000011011
0010001001110101
0101101000100001
0010100101110101
0101111000101010
0111100100110110
0010100111010000
0111001000110110
0010011111011110
1111101100010110
0100101111001111
1111000000010110
0100010011001100
0001011100000101
1111001001000101
0001110000000101
1111111001001000
1010100110010011
0010111000101010
1010001010010011
0010001000101001
1000001000000011
1111011111111011
1000100100000011
1111100111110111
0000101111100101
0101010101100101
0000000011100101
0101010001100000
0101001010000001
1111011101101110
0101100110000001
1111100001100001
1011001000010101
1000111100110001
1011100100010101
1000101000110100
1001000101000011
0100100110100110
1001101001000011
0100011110100011
0010100111000000
0000101110010000
0010001011000000
0000101010011010
0110110001110110
1111101010101110
0110011101110110
1111111110100000
0001101111111001
1111011011010111
0001000011111001
1111010111011011
1010100110101011
0011111111001010
1010001010101011
0011011011001000
1010100100110101
1000100100000000
1010001000110101
1000011100001110
1101011111100000
1111011000010010
1101110011100000
1111100100010101
0110101110110001
1111010100010000
0110000010110001
1111101000010100
0101110001111110
0011010100100110
0101011101111110
0011101000101111
0000110010000111
0010111110110100
0000011110000111
0010001010111001
0111001011010011
0010000110100010
0111100111010011
0010110010101101
1110101100010111
0100110001001000
1110000000010111
0100000101000101
1110011111110011
0100110010001101
1110110011110011
0100000110000010
1011000110010001
0011010011100100
1011101010010001
0011000111100110
0101011100110110
0100001010100001
0101110000110110
0100111010100100
1110001011000101
0010000000101001
1110100111000101
0010001100101010
1000001011100011
0010001011110010
1000100111100011
0010111111111111
0100101101001000
0101010011100100
0100000001001000
0101010111101001
0100000110110010
1111110000101100
0100101010110010
1111101100101110
0010001000111111
0100000011110101
0010100100111111
0100001111111000
0100011101011000
0110011110001011
0100110001011000
0110000110000110
1001111011000110
0001100000111111
1001010111000110
0001110100111100
0011100110101001
1000011000111101
0011001010101001
1000010100110010
0001111011101000
1010101000100001
0001010111101000
1010011100101010
1000011110100111
0110001000011011
1000110010100111
0110111100010110
0100011101110001
0011011011011000
0100110001110001
0011100111011101
1110101100001101
0011000110001101
1110000000001101
0011110110000110
1101001000110011
1000101011110101
1101100100110011
1000111111111000
1110011100111001
1000110001000011
1110110000111001
1000000101000110
0000011110010110
1000101100011001
0000110010010110
1000010000011010
1110011100100111
0101001011001100
1110110000100111
0101111111001101
0001010110110000
1010111001100101
0001111010110000
1010110101100001
0000011110001000
0010101010101001
0000110010001000
0010111010100100
1111100110011100
0011100010010111
1111001010011100
0011110010011111
0001000011111010
0100000011110011
0001101111111010
0100001111110110
1000000000101111
0110000110000010
1000101100101111
0110011110001111
1001100100110011
0100101100111101
1001001000110011
0100010000110010
1100111011010110
0100011110011001
1100010111010110
0100011110010100
1010101010101111
1111100010001110
1010000110101111
1111110110000000
0110101110011001
0100101010111010
0110000010011001
0100111110111001
0011000011101010
1111001101010000
0011101111101010
1111000001011110
1110100110001001
1111001010000011
1110001010001001
1111111110000111
0111000010001100
1110100111100001
0111101110001100
1110110111101110
0000000111000000
0110010010010111
0000101011000000
0110111110011111
1010011101000100
1110111010111111
1010110001000100
1110010010110110
1111110000001011
0011010011011100
1111011100001011
0011111111011011
1101110010110001
1111100100010000
1101011110110001
1111011000011111
0000000011100101
0101010001100000
0000101111100101
0101010101100101
0011000000010011
0100011000011000
0011101100010011
0100010100010101
1000101010101011
0011111011100111
1000000110101011
0011001111101010
0111110010111001
1000100000111001
0111011110111001
1000110100111010
1101110001100100
0011011001011001
1101011101100100
0011111001011110
1010011111000101
0010101001001001
1010110011000101
0010111101001010
1111000101111010
1111011100011001
1111101001111010
1111000100010100
0100100100111101
0011101011101011
0100001000111101
0011101111101100
1011000001101001
1000011100000010
1011101101101001
1000100100001101
